,ada,knnAda,uGB+nn,uGB+binFL,uGB+knnFL,uBoost
4,0.03378091655330378,0.027462323743814687,0.028350753288703942,0.034543495813915026,0.031521585327883156,0.03777081034113498
9,0.03684976217072628,0.02984585665872155,0.03292531850194687,0.03485527498112746,0.033072781682778545,0.039834488691812886
14,0.03691093681317642,0.031411201942544244,0.03436808351643579,0.0350117601422487,0.03244914182443363,0.03704793322873577
19,0.03745268136651375,0.03202285325579642,0.035614529877515844,0.03651724422452645,0.033428257670188574,0.03934564863232221
24,0.038152772543768025,0.03247567333072437,0.03537143914055027,0.03651096235371418,0.033673010589260886,0.03703706337295272
29,0.036979960397315936,0.033545067857746594,0.03514773750881583,0.03673738597849704,0.03504157525080108,0.034780336383807224
34,0.036869287149163515,0.03403833285435012,0.03658358204846344,0.03599950846512354,0.03466477622965994,0.0357426356568588
39,0.03869259675592435,0.034590983496307036,0.037307559733770916,0.03552728116853822,0.034054782569412335,0.03631619265475743
44,0.038194241043533396,0.03503851357476112,0.03725991806176016,0.03578038123102108,0.03323530414295443,0.03576675767844495
49,0.03702709933850185,0.036224061568892865,0.037609315988139685,0.03686586767368755,0.034127560782897894,0.03662737850900589
54,0.0365460719878505,0.03560425786381337,0.037479208343690104,0.03631930868006822,0.03348105799458427,0.035124702472796726
59,0.035837728778435836,0.03621133025032312,0.0371165944843302,0.03671790629113746,0.033835664393527316,0.03535450028198799
64,0.03525801219561485,0.03650054993770859,0.03709730501943888,0.03662303509579881,0.03451127574977286,0.03752551845838787
69,0.03511472938014535,0.0366154171385523,0.03660697035479074,0.03594045344454235,0.034683100994844125,0.03755892514845345
74,0.036239931558327595,0.03752742521224682,0.03726937483628187,0.03542132724942015,0.034705674061996025,0.036992506022505874
79,0.03526870994532931,0.03789570951303476,0.03727382241892791,0.03570964111549182,0.03464581738955904,0.03562733366178811
84,0.03699526877753789,0.03791618560384115,0.03729562100885503,0.03499861667497637,0.03427117875224965,0.037538145607501724
89,0.03584332675415111,0.03800957125221874,0.03768767859003031,0.034987266733906404,0.03386538891995238,0.03732676314563142
94,0.03602371201065921,0.03806601750740757,0.03724571931264991,0.03517848108421012,0.03326486562154221,0.03781152248010278
99,0.03491931654805263,0.037598323846500276,0.03725848233497262,0.03545656822764389,0.03370508119288233,0.03782268219868934
104,0.035555248401631774,0.03721240773383527,0.037188480463820534,0.03561757796623306,0.033880348558953804,0.03813290788235038
109,0.0351702652849091,0.03648103401749331,0.03761238672239607,0.03630699403930029,0.033350352508062515,0.03764092915200063
114,0.034569497414738824,0.03604900254172663,0.03746148594967432,0.03635584951187703,0.033335252466753784,0.037097617527797264
119,0.03513705787551612,0.036668303515975005,0.03823773858303182,0.03608648542769718,0.0336472354437639,0.035629842786832844
124,0.034934633986457686,0.03660461521937655,0.03760167991446041,0.03634084911091548,0.03407979229589569,0.03729961568084472
129,0.03583286451797011,0.03697767319848829,0.03785173188823133,0.036299326261874224,0.034169599950086414,0.03700272368693918
134,0.034329155845462624,0.03662159936901504,0.038064137928176464,0.03629707982501589,0.03367747175923337,0.03563273235683146
139,0.035142981946919304,0.03621398430676179,0.03820124304228415,0.03668231657169681,0.03437283002012442,0.034646446935377787
144,0.036161885993884826,0.03631189906171839,0.03809007159240171,0.03696291284017318,0.03444789996153407,0.035801468751225744
149,0.03558562059027923,0.036220655680745166,0.03858386196536694,0.0367054693644904,0.03449086306646027,0.03702728956097556
154,0.03613435808415866,0.03673134867943128,0.038129819031665166,0.03653706812398345,0.035159843810682614,0.03651133374045662
159,0.03525852851374827,0.03732347501426128,0.03775683804736405,0.036957813066181296,0.034972316153133995,0.03448097149770857
164,0.035454829050732044,0.03665832136509442,0.03769254285048718,0.036808900571245584,0.03457910817888295,0.03568454533599479
169,0.03545582545416788,0.036988955202956655,0.03780440272456576,0.03680369662779238,0.03515358911450923,0.03382779280632308
174,0.035736575712263075,0.03735917343224418,0.03808950092497179,0.03650346215323198,0.035214025512589286,0.03395991590319738
179,0.03547280054559845,0.03677493227195672,0.03813620507192852,0.03698146406069243,0.034701538987700994,0.034837321602692595
184,0.03670558712125701,0.037244659501713816,0.03812721932449397,0.03702535110336085,0.034953719641552444,0.03495337542946279
189,0.03554174260580846,0.03756242161870717,0.03803276933607643,0.03664636452374759,0.03500194556831272,0.03632199896937787
194,0.03463316759490821,0.03800330296871504,0.037825879747930696,0.03717513771586401,0.0352904587150724,0.035450209362040734
199,0.03419069199938182,0.03814464732657509,0.03824631671087796,0.036901643086491416,0.03561327531500202,0.035739727970454584
