,ada,knnAda,uGB+nn,uGB+binFL,uGB+knnFL,uBoost
4,0.00030834486903371207,0.0002336995043444185,0.00026013712639643305,0.00028950573384774945,0.00024045708924490033,0.00033869922706481636
9,0.000342162619110696,0.0002466623526629284,0.0002835146299265332,0.0002941827126933212,0.0002262664642594895,0.00034038763371847087
14,0.0003372005968126382,0.00023947778968495446,0.0002822038744847204,0.0002815615059419547,0.00024978840309456936,0.000291249275024756
19,0.00032839846393283327,0.00023907341389784652,0.00029112781691460776,0.00029941062174329027,0.00024822078409218675,0.0003067570897923273
24,0.0003074459603988956,0.0002372945998928078,0.00030503250304727593,0.0002930392665813158,0.00024267619145167373,0.000281691981864393
29,0.0003049981476762274,0.0002457247704945048,0.00031911997973739075,0.0002977242499096359,0.00025754213246683354,0.0002657573140824768
34,0.0002969007159685481,0.00025542158052982493,0.0003362791782256248,0.0003018328635425624,0.00025732913512312275,0.00027441449884758765
39,0.00028964160108308043,0.00025534469775910436,0.0003351906274626902,0.00029335623294822694,0.00024767433298864493,0.00027926526347080534
44,0.0002867458329947578,0.00026521366237297465,0.00033286907353664977,0.0002884135514971319,0.00024312503965528374,0.00029737757382272706
49,0.0002754970797680587,0.0002697658164041095,0.0003346550750020475,0.0002893462706192316,0.00023893100569318733,0.0003186329843880292
54,0.00026834662020193287,0.0002757974729937003,0.00033780775680324965,0.00028539197072261727,0.0002393466312172679,0.0002965530560246866
59,0.00026133646840535214,0.000279265223191599,0.00032958195383792424,0.0002865597787797213,0.0002468397598948408,0.0002814128309402558
64,0.00025331108102523035,0.00028874894980042176,0.00032784962932120844,0.0002905217041182727,0.0002483921334731944,0.000328637139910444
69,0.00025082024224361467,0.00028854095732421464,0.00032760992163196793,0.0002881085021877706,0.0002515409769077121,0.0003255810618062018
74,0.00025654799109313246,0.000290103637340447,0.00033284972781016654,0.0002842795336885359,0.0002507413629455528,0.00033468532208469104
79,0.00024167678794545999,0.00029897623143794883,0.0003316416390124158,0.0002876024803476203,0.0002495910740067112,0.000316038891832484
84,0.00024105772985247634,0.00029892126404822004,0.00033329564422075134,0.0002857125109457359,0.0002492076166404505,0.0003385409154248357
89,0.0002427373320816511,0.0002989606473676607,0.0003301793304027518,0.00028575817391478925,0.00025030170321129684,0.0003350574420152898
94,0.00024600029295367604,0.00030435520053292135,0.00033122345824812517,0.00028938786554568916,0.00024829140437372964,0.0003368766183252414
99,0.00023555007029449376,0.00030346512892744364,0.0003309555061637442,0.00029129802955419644,0.00025065701866272246,0.00034776187903108087
104,0.0002323022176074251,0.00029379391329155364,0.0003300169270633973,0.0002949093384590153,0.0002501013836808976,0.0003527594546321571
109,0.00023471079062277112,0.0002993216141083015,0.0003296434869242314,0.0002976670218515455,0.00024863452008387345,0.0003371699698682018
114,0.00023171565310142332,0.00029706135397378474,0.00032861976667226077,0.0002986467613826149,0.00024731243168932076,0.0003421272981706211
119,0.00025161440417505236,0.00029558724846712674,0.00033055021106930265,0.00029842144587633,0.00025079751990560666,0.0003286537028884958
124,0.00024334724310089387,0.00029489281808722323,0.00032849113832910846,0.00030010120589316633,0.0002520250790337778,0.0003313966704936164
129,0.00025654534115021675,0.0002926498487480151,0.0003286467618038432,0.0003007057219375955,0.0002542157151290538,0.0003371248308611152
134,0.0002530015006530392,0.00029320973067113265,0.0003301241216038168,0.0003004155624599576,0.0002556993215302874,0.00031836588852817555
139,0.0002513151938630635,0.00029442895947749025,0.00032831012046554586,0.0003012454091675839,0.00025877115584501786,0.0003117442468778856
144,0.0002712793070797139,0.00029393019144355803,0.00032710967466415057,0.00030073783840029085,0.0002585415655134175,0.0002989283674275336
149,0.0002627287206342602,0.00029451500011578105,0.00032600990394552134,0.00030253771715532755,0.0002592052571552282,0.00031032104272236694
154,0.00026416924260080557,0.000294561337688931,0.0003270494417334647,0.0003045360221942779,0.0002625969985910274,0.0002956868004950663
159,0.00025972100231676833,0.0002979706417185279,0.00032710817790747147,0.0003053644730788532,0.00026356323598551403,0.0002718896858460722
164,0.00026450394201393645,0.0003010211750459467,0.0003262768068276446,0.00030621871478680486,0.0002645693019445388,0.00027836288123233216
169,0.00026693966359645453,0.0003003914803740327,0.00032382752293856626,0.00030645394565400735,0.0002669009574293472,0.00026836115220146064
174,0.00026772030176527606,0.0003026141011372251,0.0003251660787608939,0.00030610430242152236,0.0002677167064248094,0.0002719888202347063
179,0.0002679916970091726,0.0002988794158379033,0.00032536100885217407,0.00030691171841126477,0.0002680135363645799,0.0002729977672656687
184,0.0002658535764785319,0.0002996543553150405,0.0003267362117794006,0.00030712374471761507,0.00026882121927019746,0.00027481534368009716
189,0.0002722651352199798,0.00030399216768799457,0.00032681535604595877,0.0003083352739802799,0.0002730504492637058,0.00029548416487640397
194,0.00026308718951855234,0.0003066105860684271,0.00032569401404173833,0.00030834075535008797,0.0002747760756350155,0.0002844476366453376
199,0.000262659621409858,0.00030577833753035386,0.0003261085194678684,0.00030756736309557945,0.00027600277458915743,0.00027635488887360534
