,ada,knnAda,uGB+nn,uGB+binFL,uGB+knnFL,uBoost
4,0.00031673836109466134,0.00047470749990729703,0.0005154729072583679,0.00040156938563501514,0.0003353028867882802,0.0003474626614173543
9,0.00034809477892461303,0.00038372033013389217,0.0003783168036647079,0.0003127540797864807,0.00026758092844981715,0.00034408440826071574
14,0.00037079081714244997,0.00036724730506786655,0.0003817658213367726,0.00029907328405378295,0.0002879723687927632,0.0003191856765389879
19,0.00035196701838632535,0.0003184600948939009,0.000332776254057213,0.0002755059484395733,0.0002885459312543804,0.0003328319046322847
24,0.00032466590524748594,0.0003269072059953952,0.00032005405831033395,0.0002843480156778513,0.00028947626256566294,0.00031968576778117067
29,0.0003132512356131944,0.0003330218177966847,0.000331499464250963,0.0002737842318703234,0.0002527589345846409,0.0003112463451869266
34,0.00030444138024781416,0.00032205612266017513,0.0003486109471920807,0.00027071643324940993,0.0002540392575066821,0.00032112440009304485
39,0.00032489538964498464,0.0003257044998980656,0.00036098401255535873,0.0002635439790063573,0.00027703236193234485,0.00027186758796738145
44,0.0003520010516907641,0.00033407767812674975,0.00035001870956683835,0.0002488094312936848,0.000281469954709797,0.0003057605982278534
49,0.00028320975835809353,0.0003358002018335537,0.00039612837179733927,0.00025564878820193246,0.0002808504839638292,0.0003309901753513184
54,0.0002928149521694185,0.00031277937401902366,0.0003915301896471331,0.00025567598336996984,0.0002810321177497689,0.00033385521205616216
59,0.0002842492655803384,0.0003308500197431368,0.00038978729526422675,0.00025548129454131,0.0002813157832017463,0.00031801009005532894
64,0.0002792420152468643,0.0003468403026896927,0.00036367245023428757,0.000275261890862987,0.0002751290144649245,0.0003234746888132806
69,0.00029485244373469565,0.0003194634495526915,0.00036151696148020636,0.0002532541402478799,0.0002817054120829855,0.0003166641236804047
74,0.0002947066332574335,0.0003077890809133748,0.0003791812544004544,0.00025583401071450733,0.0002613305957793829,0.00030653339456020314
79,0.00027497583951911406,0.00033160364254891905,0.00039402522169074833,0.0002694672034463468,0.00027981570657687653,0.0003054538830689994
84,0.00029052633774315234,0.0003314408185329958,0.000380932722023374,0.0002606621807429685,0.0002825551878040882,0.0003624657477312619
89,0.00029561522876683056,0.000326532936234416,0.0003864999505634519,0.0002773605807874404,0.0002615478818255465,0.00035908483263688654
94,0.00027753762273153453,0.0003186759715508971,0.00038935367573447694,0.00025869163676610953,0.0002634833948286245,0.0003607895371338831
99,0.00026872731496070033,0.0003014018427940853,0.00039744326363489683,0.0002584449037793967,0.0002667326991996147,0.0003204583680597921
104,0.0002657158019200931,0.0003032855630006793,0.00038867910461139963,0.0002733987480290692,0.0002651788905202212,0.0003530134293998759
109,0.0002868280614665909,0.00028765844416695554,0.00038285177074676277,0.00026680056599668,0.0002667255872305205,0.0003580254330696203
114,0.00029369256986629827,0.0002944055828802901,0.0003980541896237911,0.00028447163441103,0.0002594142580036903,0.000344977629964966
119,0.0003115065164550299,0.0002895137316185761,0.00041850270151092033,0.000262704244631469,0.00026118186794055236,0.0003304094621368792
124,0.00031645438896289664,0.00027621902816375135,0.0004200576283497387,0.0002681782851757089,0.00026498435686414155,0.0003449515736500959
129,0.00035837668565498796,0.00026965963328030775,0.00041761347957826946,0.0002657370970768317,0.00026920649095880673,0.0003528472734581916
134,0.000344669714573904,0.0002719124564597038,0.0004183439688935005,0.00026893863972340026,0.000269202973860359,0.000391869530346723
139,0.00033072961844887315,0.0002924486495742616,0.00039574085678838314,0.00026616571648282333,0.00028038273927127796,0.0003553505937240076
144,0.0003219767174265655,0.00028905478133662107,0.0004084175574542746,0.0002812338053866096,0.0002904487892480153,0.00033840248155722743
149,0.0003182943013367521,0.0003097099827952145,0.00041935409125220386,0.00028331907486312365,0.00027947070650538396,0.0003648944492553609
154,0.00031390660401832193,0.00030359751590353545,0.00041256218418188166,0.00030613457226031244,0.00030443866204005,0.00031939093781334376
159,0.00030572659603485963,0.00031682505509421865,0.000409829572127878,0.00030208327637446745,0.0002922154423448124,0.0003119189924287056
164,0.0003340887110136507,0.0003085840207575592,0.00043347571299349617,0.00029678545276033653,0.0002950376778648719,0.0003187638301652191
169,0.0003346545367908997,0.00030212873232449643,0.0004311214455893729,0.0003021577378518837,0.00030478100383891563,0.000332710678340319
174,0.0003501874689594836,0.00030218649052739417,0.00042082918762288864,0.00029833742750177126,0.0003118406516785429,0.0003117895386190101
179,0.0003461699569635535,0.0003066466020549531,0.00043305104405874206,0.00031673271614297317,0.00031077000333829143,0.0003368374025877025
184,0.00033555485234760174,0.0003147784987427665,0.0004363287072524587,0.00031007460725100173,0.00030531375728450413,0.00030968699698913935
189,0.0003131461325627693,0.000304271246453783,0.0004301081715932596,0.00029413384664720126,0.0003117488801244369,0.000350126906543785
194,0.00030357307608257434,0.00030172843946939926,0.00042684443612999535,0.0002989665593027427,0.00032241073478007784,0.0003139470029648912
199,0.0003123272865642769,0.0003139405169796638,0.00041443615588123675,0.0002991802434024118,0.0003136027765327187,0.0002898285344787973
