,ada,knnAda,uGB+nn,uGB+binFL,uGB+knnFL,uBoost
4,0.17446471685713294,0.19815746882805335,0.187050653727486,0.19712731114300336,0.1759458545753777,0.18522376257852566
9,0.18664093743413168,0.18741168570075611,0.1844250003538353,0.17006841496791492,0.1621632843528499,0.1859507649003958
14,0.1915423519119625,0.1835294342102623,0.1890309400052287,0.1670682915238074,0.16124117048125952,0.17853302556400708
19,0.18550751017199563,0.17758586108130134,0.18200539663520043,0.16471714850360045,0.16625450677311104,0.18298922389992425
24,0.1801127873199279,0.179777662008554,0.17963652979375647,0.1674431934417005,0.16627268314727345,0.17597025769936422
29,0.17683857023707023,0.18277086028896639,0.18282504214422468,0.1632501998618063,0.15420654334786943,0.17470110232879238
34,0.17346356053117376,0.1807296578258102,0.18540900665393711,0.16325933482949614,0.15552243014672773,0.17761348947056163
39,0.17821932209340796,0.18101377961499865,0.188128145320905,0.1598957387117531,0.1608689627089026,0.16578726936512103
44,0.18396648657590828,0.18371416693258066,0.18538956659544317,0.1566501680003216,0.16387616100471347,0.17041004537507687
49,0.17076221660171226,0.18552095919221304,0.19514837526806084,0.15993683838140865,0.16405794498986703,0.17737556575549024
54,0.17225707833644055,0.17807943417372024,0.1952018429948319,0.1608496702827078,0.1637763963449858,0.1800464755387835
59,0.17176758574627152,0.18457893436754075,0.19434035866283372,0.16070529164998096,0.1636568040531676,0.17756693244718916
64,0.17068910167644527,0.18728313996183646,0.18754569853819114,0.16495436138677075,0.1633604777809562,0.18038308808772247
69,0.17653062935334468,0.18189328438893984,0.18711869002448908,0.16050969228582113,0.16341416037620168,0.18222159242295055
74,0.17547161145523338,0.18028382496613976,0.1911111147834985,0.16074323360113163,0.1602980005583356,0.17715216073473633
79,0.17352353374540014,0.18468534150834487,0.19507499866845612,0.16445911388017326,0.16545695467440572,0.17747295225115686
84,0.176814136247764,0.18544472034807633,0.19148994155293353,0.16153408692086366,0.16471743624879887,0.1904167590913414
89,0.1753621378583145,0.18275881259440058,0.19357395084146217,0.16554662645118579,0.15889311478485924,0.1933123172382919
94,0.17063366176340453,0.1809420260461457,0.1949948310985888,0.160444384357735,0.15954469244153377,0.18858806437809492
99,0.16919472271254762,0.1760502743715155,0.1967856855324459,0.16143310561770705,0.16029169726854142,0.18033461891048294
104,0.16989775402323254,0.17650684542892758,0.19421697197931526,0.1660299706410735,0.16151045860462093,0.18578440257363718
109,0.17593253060612546,0.17238794899509724,0.19301593632331912,0.16510412784800066,0.1625154091020978,0.1862889819004694
114,0.17799751308194928,0.1730138239736117,0.19562714286052746,0.16998975589653367,0.156279445613,0.18228339738521615
119,0.18136342940709607,0.1707997902634379,0.199101544468392,0.1636441643084227,0.15752169851318043,0.17799907909115908
124,0.18337102299015615,0.16726933397173882,0.20049173334939646,0.16602721956654115,0.1584237844898531,0.18398396171988313
129,0.19035488895962402,0.1649419815057911,0.1999669631461633,0.16523773610407333,0.16057178697307223,0.18678251986577948
134,0.18487070088909519,0.165964113823982,0.2004110560511518,0.16442267672841915,0.15906225137446478,0.1968771393065791
139,0.18148761148439468,0.17176098578708565,0.19572339027893132,0.16459637214924203,0.16235503454253478,0.18726689902234744
144,0.17947157279371187,0.17132027456696097,0.19812817333858035,0.1676693977247159,0.16594218623671397,0.1828992214406361
149,0.17855645738066486,0.1752453077656406,0.19950844983629049,0.16983626630685614,0.16248810798953117,0.18644749797648189
154,0.177359333711258,0.17409677322586753,0.19764182806375316,0.17505514736411648,0.1689983215516307,0.17456038621551073
159,0.1752089619862307,0.17718699085235895,0.1975190591511014,0.17332528064711766,0.16665818378602537,0.17343651181429443
164,0.18335399331254068,0.1755675666549589,0.20217868101169983,0.17350180302851334,0.1668536648288815,0.17529325224800607
169,0.18367875617798404,0.1736438678878458,0.20157156673744703,0.17349068608663681,0.16900103872254335,0.1779339598353893
174,0.18731774170228546,0.17334903209913352,0.19937351048828905,0.17299065053832582,0.1706999006291587,0.17370050501666442
179,0.1855330108151376,0.17479127889487117,0.20148432844179529,0.17624198316690853,0.1710869843449331,0.17742856783729377
184,0.1831850530246774,0.1762471827125456,0.20211810779205555,0.17530917846051391,0.16951567029944403,0.17388379859654554
189,0.1776611002463886,0.17310413755825707,0.2007488241006916,0.1710130007886773,0.17135081054050008,0.18448302240855588
194,0.17517092866128658,0.1725479380915062,0.2006668867740141,0.17200061794109103,0.17484871165882807,0.1748855867443398
199,0.1760465230971605,0.17375817918284708,0.19785537741963988,0.1721607807963266,0.17210078688735228,0.16998836290860952
