2.500000000000000139e-02 1.900000000000000022e-01
7.500000000000001110e-02 1.549999999999999989e-01
1.250000000000000000e-01 2.099999999999999922e-01
1.750000000000000167e-01 2.349999999999999867e-01
2.250000000000000056e-01 2.200000000000000011e-01
2.750000000000000222e-01 2.500000000000000000e-01
3.250000000000000111e-01 2.849999999999999756e-01
3.750000000000000000e-01 3.250000000000000111e-01
4.250000000000000444e-01 4.500000000000000111e-01
4.750000000000000333e-01 7.099999999999999645e-01
5.250000000000000222e-01 7.199999999999999734e-01
5.750000000000000666e-01 4.699999999999999734e-01
6.250000000000000000e-01 3.499999999999999778e-01
6.750000000000000444e-01 2.399999999999999911e-01
7.250000000000000888e-01 2.949999999999999845e-01
7.750000000000000222e-01 2.049999999999999878e-01
8.250000000000000666e-01 1.799999999999999933e-01
8.750000000000000000e-01 2.200000000000000011e-01
9.250000000000000444e-01 1.449999999999999900e-01
9.750000000000000888e-01 1.449999999999999900e-01
