2.500000000000000139e-02 6.500000000000000222e-01
7.500000000000001110e-02 6.899999999999999467e-01
1.250000000000000000e-01 6.049999999999999822e-01
1.750000000000000167e-01 7.349999999999999867e-01
2.250000000000000056e-01 6.800000000000000488e-01
2.750000000000000222e-01 6.600000000000000311e-01
3.250000000000000111e-01 6.550000000000000266e-01
3.750000000000000000e-01 7.049999999999999600e-01
4.250000000000000444e-01 7.600000000000000089e-01
4.750000000000000333e-01 8.399999999999999689e-01
5.250000000000000222e-01 8.599999999999999867e-01
5.750000000000000666e-01 7.750000000000000222e-01
6.250000000000000000e-01 6.899999999999999467e-01
6.750000000000000444e-01 6.500000000000000222e-01
7.250000000000000888e-01 7.399999999999999911e-01
7.750000000000000222e-01 6.850000000000000533e-01
8.250000000000000666e-01 6.850000000000000533e-01
8.750000000000000000e-01 6.099999999999999867e-01
9.250000000000000444e-01 6.550000000000000266e-01
9.750000000000000888e-01 6.700000000000000400e-01
