2.500000000000000139e-02 8.249999999999999556e-01
7.500000000000001110e-02 7.850000000000000311e-01
1.250000000000000000e-01 8.549999999999999822e-01
1.750000000000000167e-01 8.199999999999999512e-01
2.250000000000000056e-01 8.199999999999999512e-01
2.750000000000000222e-01 8.199999999999999512e-01
3.250000000000000111e-01 7.950000000000000400e-01
3.750000000000000000e-01 8.000000000000000444e-01
4.250000000000000444e-01 7.700000000000000178e-01
4.750000000000000333e-01 6.500000000000000222e-01
5.250000000000000222e-01 6.700000000000000400e-01
5.750000000000000666e-01 7.950000000000000400e-01
6.250000000000000000e-01 7.850000000000000311e-01
6.750000000000000444e-01 8.199999999999999512e-01
7.250000000000000888e-01 8.549999999999999822e-01
7.750000000000000222e-01 8.299999999999999600e-01
8.250000000000000666e-01 7.950000000000000400e-01
8.750000000000000000e-01 8.699999999999999956e-01
9.250000000000000444e-01 8.249999999999999556e-01
9.750000000000000888e-01 8.149999999999999467e-01
