2.500000000000000139e-02 6.500000000000000222e-02
7.500000000000001110e-02 4.000000000000000083e-02
1.250000000000000000e-01 1.150000000000000050e-01
1.750000000000000167e-01 5.999999999999999778e-02
2.250000000000000056e-01 1.000000000000000056e-01
2.750000000000000222e-01 7.000000000000000666e-02
3.250000000000000111e-01 1.100000000000000006e-01
3.750000000000000000e-01 7.000000000000000666e-02
4.250000000000000444e-01 1.100000000000000006e-01
4.750000000000000333e-01 3.200000000000000067e-01
5.250000000000000222e-01 2.949999999999999845e-01
5.750000000000000666e-01 1.000000000000000056e-01
6.250000000000000000e-01 4.000000000000000083e-02
6.750000000000000444e-01 8.500000000000000611e-02
7.250000000000000888e-01 7.000000000000000666e-02
7.750000000000000222e-01 4.499999999999999833e-02
8.250000000000000666e-01 7.000000000000000666e-02
8.750000000000000000e-01 5.500000000000000028e-02
9.250000000000000444e-01 1.049999999999999961e-01
9.750000000000000888e-01 7.499999999999999722e-02
