2.500000000000000139e-02 1.849999999999999978e-01
7.500000000000001110e-02 1.300000000000000044e-01
1.250000000000000000e-01 2.250000000000000056e-01
1.750000000000000167e-01 1.749999999999999889e-01
2.250000000000000056e-01 1.749999999999999889e-01
2.750000000000000222e-01 1.650000000000000078e-01
3.250000000000000111e-01 1.799999999999999933e-01
3.750000000000000000e-01 1.900000000000000022e-01
4.250000000000000444e-01 2.049999999999999878e-01
4.750000000000000333e-01 3.850000000000000089e-01
5.250000000000000222e-01 3.449999999999999734e-01
5.750000000000000666e-01 1.799999999999999933e-01
6.250000000000000000e-01 1.300000000000000044e-01
6.750000000000000444e-01 1.749999999999999889e-01
7.250000000000000888e-01 1.799999999999999933e-01
7.750000000000000222e-01 1.749999999999999889e-01
8.250000000000000666e-01 1.799999999999999933e-01
8.750000000000000000e-01 1.900000000000000022e-01
9.250000000000000444e-01 2.250000000000000056e-01
9.750000000000000888e-01 2.049999999999999878e-01
