,ada,knnAda,uGB+nn,uGB+binFL,uGB+knnFL,uBoost
4,0.24351005245276003,0.2597842576288613,0.20130597773917214,0.2233771589857768,0.22546607722083312,0.22681609187529764
9,0.25710985028764505,0.19820290546846386,0.21124842376489292,0.21645897072698791,0.19858932718689803,0.2415677295031672
14,0.25724334102385377,0.21410646565574398,0.19804910683075355,0.22293995354098695,0.1848818904758173,0.2566617548036583
19,0.26614817930832324,0.21273357649773,0.19544187664298934,0.21376041084492226,0.19757362557129682,0.2760551820326631
24,0.2631091659192938,0.208153412054777,0.19613426815733687,0.21817348318060648,0.19639095411258817,0.2887912672118601
29,0.2685480810754358,0.19580419350868256,0.19941168871465062,0.2108179313118488,0.19633485207955645,0.29325934242254814
34,0.270194067421495,0.20011466510826204,0.19342959766962048,0.21343505575752186,0.1894800925953815,0.2978740879013001
39,0.27105984272548983,0.1912775273422647,0.1964619861073519,0.20342680484182185,0.18840266152298918,0.3163225622526906
44,0.2860651936657505,0.19178231910439208,0.19482774835318104,0.20678331667157948,0.1894795949240437,0.3120327774383493
49,0.29217397020746305,0.19648769248382117,0.185757353933977,0.20598687010030106,0.1908933276378748,0.32087753820881637
54,0.29305262767725715,0.19378061643949357,0.18983703858981238,0.20286599543699355,0.19511481636357264,0.3199200320251822
59,0.30639064730127613,0.1924441409341448,0.18975605205330537,0.20729184677684404,0.1981266346225451,0.317987832293301
64,0.30445035621916383,0.18784344843516976,0.18767995573748125,0.21008227913938693,0.19656820656413834,0.34165110543998334
69,0.30710501694816383,0.18611365533601767,0.18872313413680772,0.2124794269113109,0.19748903439983492,0.3544194396880914
74,0.3068334979754239,0.1912298851470319,0.19004563036644334,0.21034221500363603,0.20144164183936467,0.3588958368142101
79,0.3127168926681511,0.18631051154859257,0.1896772756234117,0.2064983017243558,0.19793467625672334,0.35523156411029166
84,0.33250927427078086,0.18903183977044366,0.18555893636964302,0.20566487205334893,0.19716332509314982,0.3647920561359792
89,0.34376620417737896,0.18221596792760125,0.18900131614466212,0.20746321447976124,0.1972499919700391,0.3703600283516533
94,0.3525972648376066,0.17329516175382628,0.18836615170686272,0.20150640676998424,0.19908016370470655,0.38195139661028044
99,0.3654544056160578,0.17490443375551573,0.18776152987537417,0.20209812545450262,0.1982550258424403,0.3890577427734211
104,0.386855167249118,0.1733482150268637,0.18318962330480973,0.20202788129053462,0.19613222445642206,0.38291607402836725
109,0.3839766982447813,0.17665690512837984,0.1814784230914718,0.20134802309138414,0.19488567018457387,0.39427083950034164
114,0.37704473506285796,0.17750644274788205,0.17943005508668053,0.201973581499781,0.19711745891276164,0.39337372134935134
119,0.38157140138699763,0.17881494609764875,0.17660870282354812,0.2034298640106203,0.19627598110511998,0.41196824576544033
124,0.39414946390799843,0.183165396645178,0.17923518411064132,0.2047694180207799,0.19582385238002817,0.42068726548223806
129,0.3879644962814953,0.1822428805191283,0.18449896128393023,0.20091362289043332,0.19606235520472276,0.41676398002212434
134,0.4075389731046968,0.18111430712229096,0.18539212972474337,0.20215582129282572,0.19467290531421308,0.42169309762594054
139,0.406915555925354,0.18134509216057254,0.18754251379711828,0.20253208554645544,0.19717709740196696,0.4427024394438362
144,0.4250512356225923,0.18864477462330687,0.18686112217431525,0.20131741050783808,0.19610295846754558,0.43283633801593563
149,0.4115297193594491,0.19065522103273275,0.1875538344857539,0.20421958189015538,0.19638775887045115,0.44469498267025176
154,0.41479014620101884,0.19136392023336227,0.1840900800709676,0.20626783948727426,0.19224064553482512,0.4457965784114326
159,0.4176757254217328,0.18997033046661305,0.18016788451653515,0.20475638428973575,0.19713275935427477,0.4426024366128982
164,0.4240504822213565,0.19125177385235229,0.18478941389926146,0.20472090349837968,0.19673359822573375,0.4491843731716228
169,0.42497010849744415,0.1864108330150473,0.18275762242349364,0.20250639721280345,0.19603953327658163,0.45443602288251456
174,0.43635113015029764,0.18644399435557205,0.18343949530132228,0.2058045783139682,0.19458681636838365,0.4547641392867712
179,0.44648899504497364,0.18634546934784674,0.18243678767268834,0.2072158650219068,0.19234861279030513,0.47278181718291634
184,0.43739246973595525,0.18550256106266444,0.18142170196809643,0.2082423381225537,0.19182044018488012,0.4674350587171328
189,0.4384258363743238,0.18173103971804852,0.1795727678785372,0.20609299749144533,0.19245418929341213,0.45407460321260257
194,0.4462650817026212,0.18522542386945476,0.1826925184554028,0.20416057587751887,0.19446153168936883,0.4695324420392338
199,0.463117916428942,0.18413154749526361,0.18232788070544786,0.2076574444561655,0.19390696394973286,0.46975594444411406
