,ada,knnAda,uGB+nn,uGB+binFL,uGB+knnFL,uBoost
4,0.0009132986284275453,0.001008719756801262,0.000609632142822685,0.0006190058064776176,0.0005930817913579498,0.0006024384159748359
9,0.0007941638444081427,0.0006033661286415256,0.000559844315425707,0.000577002744835644,0.00047210734058890467,0.0006893835648419398
14,0.0007309007218695635,0.0005377258497128943,0.00045472561361956646,0.0005937975914228662,0.0004049150794631826,0.0007746936287154446
19,0.0007778688351639648,0.0005245683237788593,0.00042982996336411847,0.0005526457555843873,0.00045620219596931603,0.0009110844308022845
24,0.0007735073475285176,0.00047904612575440885,0.0004426901715091896,0.000572313272349846,0.0004501454730248948,0.000992699200497619
29,0.0007995784362014449,0.00040151113771164207,0.0004556426330453289,0.000532223851187225,0.00045638974187342063,0.0010140225357103561
34,0.0007912511028221912,0.000420829745813046,0.00042237860821263526,0.0005435975694677034,0.00041396715501349136,0.0010520939408232022
39,0.0007924761816438589,0.00040072380860855703,0.0004419457250338368,0.00048774969982048845,0.00041423640137358184,0.0011760334166902966
44,0.0008877548380709653,0.00040981747378651743,0.0004333232319244795,0.0005000887910448128,0.0004230169401448962,0.0011369886109137378
49,0.0009220221998912505,0.0004384215519489318,0.0003970482807637837,0.0004962942833433287,0.0004315326406719106,0.001191525951981265
54,0.0009266481735402661,0.00042625949370754643,0.00041764564278965594,0.00048039074084312293,0.0004441951719652418,0.0011732027411711105
59,0.000996182005961309,0.0004142444262171824,0.0004188952215708418,0.0005050867915889876,0.00045523253120863786,0.00117121081080029
64,0.00097891517553586,0.00039778001234350234,0.00041030657274720837,0.0005105823533148507,0.0004493831015284043,0.0013493175066015043
69,0.0009928798065527151,0.0003867716656023414,0.00041368158879206935,0.0005230332803905362,0.00045072187886621685,0.0014703022519775674
74,0.0009797616753716354,0.0004112917662190172,0.00041496217635063185,0.000510711470394788,0.00047159574276444945,0.0014978156148472517
79,0.0010164376973023546,0.0003831736950228753,0.0004170171152738139,0.000493385324323788,0.0004534001464970331,0.0014595544315556108
84,0.0011621472088404333,0.00039473306703333746,0.0003954450025100687,0.00048474511012534246,0.00044736230285341723,0.0015215202046849517
89,0.0012575359698149295,0.0003670405791871594,0.0004133232610010612,0.0004989768458984961,0.0004544075509581757,0.001572496580355945
94,0.001316546175457928,0.00032966731449086034,0.0004104327092169102,0.0004720549520900502,0.00046418118330356057,0.0016845501885498911
99,0.00141248612530702,0.0003352035205913767,0.0004082884928630448,0.00048097138065172207,0.0004597817424546456,0.0017481880030665515
104,0.0015893371632844267,0.0003296158798690033,0.0003882286815114027,0.0004765613695782095,0.000448539558761825,0.0016708821647317229
109,0.001575267879034492,0.000341546684668008,0.0003799674817497645,0.00047322284355132924,0.0004416047699115729,0.001775483341682212
114,0.0014975351731142765,0.0003374813618074714,0.0003699224928080576,0.0004781766192970308,0.0004520438271377787,0.0017427519226047687
119,0.0015320859595723505,0.00034373483355605756,0.00035666380450208557,0.00048724466350979584,0.00045149815038179447,0.001906106991046937
124,0.0016691899518584505,0.00036177218003348156,0.00037211117739996814,0.0004913366849907159,0.00044642786541278267,0.0020019544917314583
129,0.0016119444339172235,0.0003539156533601128,0.0003959251536866755,0.0004699700499084618,0.0004499606355922251,0.0019561459610685757
134,0.001785050766165146,0.0003508052089620195,0.000400848294755532,0.00047639745606630965,0.000443661796900095,0.002016249023473478
139,0.0017839451365527206,0.00035114048388238425,0.0004110849345117751,0.00047692249609766307,0.000453552037212714,0.0022402554617694695
144,0.0019519668489345362,0.0003746644048569117,0.0004100114131748092,0.00047131665912775644,0.0004445055869570654,0.0021348596228879147
149,0.0018274271516651357,0.000383690452792013,0.000411859548578048,0.00048294061053923474,0.00044634928908502617,0.0022427427417392965
154,0.0018679433120926292,0.00039316212925362534,0.00039316752753680155,0.0004959582400686893,0.000426885688907394,0.002247524335422764
159,0.001900907657631774,0.0003860112706489226,0.00037363327142779805,0.00048271296755038735,0.0004488552278778085,0.0022148208396071617
164,0.0019752372474519464,0.0003937300730707515,0.00039325067542627306,0.00048458794567122137,0.00044899677275820623,0.0022926658916800156
169,0.0020043306567888914,0.00037342605218983557,0.00038004114573672473,0.00047398808143620983,0.00044519908975146626,0.0023352864578061877
174,0.002096785277938642,0.00038052161114720097,0.00038700805002864284,0.00048848534028996,0.00044002784016814735,0.0023398294012254147
179,0.002208080776282399,0.0003824818528906105,0.000382200042609169,0.0004972154270400164,0.00042682768366084415,0.002537751549474116
184,0.00209511663586173,0.0003790327700747319,0.0003764483092881841,0.0005014885756679948,0.00042532561136338824,0.0024950313828610844
189,0.002105860159284819,0.00036027464479519385,0.00036851955513164154,0.0004920549715780705,0.00042928262796922313,0.0023423874026757313
194,0.0022038156548154306,0.0003751922735048718,0.00038124942581268465,0.0004797079543691062,0.00043999292556766906,0.0024903724266703425
199,0.0023746162829013373,0.0003625411784623674,0.0003786455271648007,0.0004983207817121183,0.00043817609887284044,0.002484601865553614
