,ada,knnAda,uGB+nn,uGB+binFL,uGB+knnFL,uBoost
4,0.04074151529108038,0.02875248532035106,0.03188563515069553,0.040466866377144,0.04141242458872205,0.04197203183215658
9,0.04406911074566866,0.03004546208008031,0.03423587773211956,0.04573100512534214,0.040156417937014986,0.04824706937925662
14,0.04915792030044909,0.030640361904821063,0.03672533659665754,0.04754606598969828,0.03902591701352768,0.05089633570650228
19,0.05017320186833093,0.03165623337220646,0.037953848401137406,0.04562373558728221,0.04069417124723523,0.055452332359419064
24,0.05272900599279137,0.0353957676332759,0.03902718898433472,0.04483294764966554,0.04156466474683568,0.05679934944409197
29,0.057135868677168605,0.03771732174269313,0.039830461591938975,0.044525167583077174,0.039991762237763566,0.05837244551393458
34,0.0589721613151051,0.03754500656705651,0.0400764773369505,0.044807134937739024,0.0393603255124419,0.06042025399303973
39,0.060530016778220286,0.038237705277654375,0.039145371663234105,0.04351439782468559,0.03821193865163722,0.06126417897197678
44,0.06129877104761656,0.03904564177821735,0.03937092987776612,0.0435137434049202,0.03873590766952836,0.06148720707065969
49,0.06315688996723046,0.03900921087521127,0.03905206615251881,0.04339402145700106,0.03889530957631954,0.06468233321771862
54,0.06230500134497688,0.038748304776299355,0.03942331571895039,0.044019019982251814,0.03955708925739994,0.06370358855040725
59,0.0658733864036381,0.03912370668220624,0.039586413714825505,0.04389755137876822,0.03951703600275454,0.06412309005288369
64,0.06623116967043034,0.03818177543086423,0.03931770988182639,0.04303390163513749,0.03952825331052284,0.06446937027933448
69,0.06592961120018426,0.03774386722040673,0.03975674719680422,0.04256989498018462,0.03981306877373057,0.0652712188326595
74,0.06634979477396545,0.038552047976235966,0.03951146421759462,0.042573411334269645,0.039997016030224326,0.06733774740385012
79,0.06717808741602627,0.03850208164475107,0.038705288198369686,0.04244638477138942,0.03972707709515153,0.06786226945252681
84,0.06869865477843311,0.03872384238121806,0.03937016024327101,0.042810196073745754,0.040015537952948904,0.06862072352353478
89,0.07179871493342621,0.03940580307739637,0.038993997920034135,0.04300244800920254,0.039930481818115766,0.07071701436818868
94,0.06958461931426,0.039332909011250326,0.03839565547864762,0.04284237785688222,0.039652694454472885,0.06995073491155579
99,0.07144525452394729,0.03931105507803895,0.03866254813581931,0.04265842599179643,0.039192780227330894,0.07021653994150218
104,0.07154903996805563,0.03968693627729522,0.0389264359923758,0.04265193709724497,0.039375939414962396,0.06953106749983515
109,0.07231923672609261,0.0395379083063215,0.03903954000522634,0.042155642661589075,0.04010081530010597,0.07122451228584184
114,0.07124572101647351,0.04031797205528769,0.038808391571182016,0.04252643597761541,0.03934479917313544,0.07343968631504241
119,0.07156613783651003,0.03955510295516336,0.03915929882187276,0.04293225918532573,0.03942423743691126,0.07446689491353904
124,0.07259115274622108,0.039885764670508174,0.03892987400043972,0.04291274641577046,0.03953141480318115,0.0745469276854032
129,0.07305945921553178,0.03937951107212202,0.03866477869331514,0.04251787321761743,0.039813156336946764,0.0732828283498548
134,0.07475635122675824,0.039737441813788084,0.03829467205718774,0.04223710870490966,0.04029344513993816,0.07548701550079118
139,0.07458645095222399,0.04030496661464361,0.038338232448735375,0.0419777741351466,0.040077016541957736,0.076781983171352
144,0.07468606101390038,0.039743271679994904,0.03831255338591721,0.0416821515286641,0.04026346165418318,0.07575767798448879
149,0.07628465180297148,0.03997271493579328,0.038374667960325584,0.04199342490638161,0.040150864586211775,0.07561647079054354
154,0.07462040704246078,0.03988863582200999,0.03829922534398011,0.041771604258248926,0.03986754691470717,0.07508887942101196
159,0.07636374442250284,0.040113558051131856,0.03774186248381822,0.041887058651937446,0.03985194222937275,0.07753530327324588
164,0.07551444582776143,0.040584016731918186,0.03820933018977083,0.04223922865625716,0.03998049423550429,0.07652730327736487
169,0.07655574749410843,0.04106014397825405,0.03853088994010082,0.041579462928943864,0.040001767486390574,0.07964739236399103
174,0.0765204549128056,0.0405749239840822,0.03866017010343223,0.041512297340026046,0.04000863428531545,0.07840135870077827
179,0.07707663797396079,0.0402208552407337,0.03865522969507604,0.04125874194197354,0.03953625382255348,0.08086990378443883
184,0.07910137585211657,0.04074866321399262,0.038967618351547634,0.04153439091991355,0.039405277698145974,0.07816742667843819
189,0.07792212987345694,0.040693120488752434,0.03834307146810262,0.04097351631425908,0.039177862221895274,0.07906670082184089
194,0.07857407943232733,0.04093674898420033,0.03925190382691526,0.040923725109189006,0.03951251036748566,0.07940645528502359
199,0.0794413699619772,0.04057906710639054,0.03937386554952386,0.041313648681809964,0.039448266624551184,0.07625006894449216
