,ada,knnAda,uGB+nn,uGB+binFL,uGB+knnFL,uBoost
4,0.0004922582908511516,0.0002899598441332538,0.0002760045356165732,0.0004891282156045112,0.0003857342046305565,0.0004512721311202977
9,0.0006137369276125397,0.00028248272100815625,0.00031339095104856947,0.0005813303981383269,0.0003751037640897,0.0006487790151035633
14,0.0006897827996560836,0.00028079676683125435,0.0003112860268531838,0.0006037693770307243,0.00034055477777983844,0.000754759305680222
19,0.0008581176821864502,0.00028734845205134095,0.0003058768792603911,0.0005270455217076281,0.00035550903544902474,0.0009018240739389234
24,0.0008661202385356861,0.0002974023912464145,0.00033378235425029747,0.0005042067748703388,0.00034981750122472404,0.0009647848801956189
29,0.0009745839274451521,0.0003033679679905874,0.00033237838485116513,0.0004866713466033425,0.00033554215525532913,0.00107000094340549
34,0.001086149405854914,0.00030634814495546263,0.00031561419537534717,0.00046735812700267007,0.00033229051592518854,0.0011056821552517563
39,0.001165628462871734,0.00031063422014785975,0.0003165611696680416,0.00044299940638668355,0.0003245028458738112,0.0011959736007780687
44,0.0012971675486788989,0.00031164904837185285,0.00031863699942210667,0.0004447126036263574,0.00032478140451610313,0.0012883292164394152
49,0.0013460521599969087,0.0003141206982554735,0.00031331396644538066,0.0004388570677913501,0.00033697417292787447,0.00137074452175259
54,0.0013924347738224628,0.0003089112775938327,0.00031729217066061644,0.0004496131947048982,0.00033545138085386007,0.0013551370355141664
59,0.0015168247721825642,0.00030701705554023173,0.0003221468000301117,0.0004465217794408241,0.0003349528105715489,0.0014003114934209465
64,0.0015798335441327565,0.0003033312727797549,0.0003157971321809599,0.00044099202487612527,0.00034361249259654225,0.0014352706758350394
69,0.0015593278343326946,0.00030366546659851395,0.000313908288871627,0.00043671555604874227,0.0003432815559491573,0.001551814405049506
74,0.0015100175440032814,0.00030003284742585913,0.00031348094587251235,0.00043106297290839937,0.00034990459804524516,0.0016548488620466214
79,0.0015910981376487752,0.0003011425393324466,0.000312298975981737,0.00043070361956659323,0.00034983080335715546,0.0016941768167459067
84,0.0017613730023351632,0.0003036505349420308,0.00030924030642560615,0.00042552564064231296,0.0003508125494381589,0.0017911398387757398
89,0.0017903232118388877,0.0003187672829146103,0.00030946772210982876,0.000427944693304679,0.0003543186153091007,0.0018272941838224687
94,0.0018054659361678685,0.0003168368454761924,0.00030476402608765657,0.0004257629901591828,0.00035459175989995423,0.001871153108596069
99,0.001889673200656527,0.00031814905437166206,0.0003037144314365353,0.00042267176850766024,0.0003537808852445257,0.001899434468713782
104,0.001972498159502856,0.00031713579924181934,0.0003039320634757269,0.0004283653665069603,0.00035882226542831774,0.0019091897026017716
109,0.002021005543896865,0.0003138898232941322,0.0003043627413846715,0.0004281624855388963,0.0003565113120126166,0.001979526102103146
114,0.001952536646640382,0.00031850337187468126,0.00030400323581087843,0.00043123939769314896,0.00035355026561421584,0.002087194246759868
119,0.0020001514448934744,0.0003162974793976662,0.00030598312672438854,0.0004276031069908227,0.00035652789468419417,0.002135202942362946
124,0.0020975322293051188,0.0003175953857032492,0.000307389069381717,0.0004266784898140061,0.00035842683898408475,0.0021763326951054645
129,0.0021110124724272906,0.0003214206705186217,0.00030755565225371316,0.0004259592359359261,0.0003651252749393038,0.0021651579041517626
134,0.0022488563195174763,0.0003257312550664663,0.0003058068513563727,0.00042161287179412433,0.00036558976000499897,0.0022483015649569097
139,0.0022379686198067466,0.0003307584172968912,0.00030544034839113227,0.00042126582610543383,0.0003660863213967189,0.002378114677287826
144,0.0022837876290728795,0.0003310963998804018,0.00030569225191195553,0.000420178005475199,0.0003661682729057932,0.002334147105096661
149,0.002262908184265647,0.0003330507116367136,0.00030405924516089546,0.00042114601430253996,0.00036438182270074005,0.0023418306351082967
154,0.0022209667675953926,0.0003332220892240065,0.0003037820939298998,0.00042514316878943144,0.00036413616020071433,0.0023553667494677698
159,0.002261976079419336,0.00033428982624192865,0.0003013337174627972,0.0004273175891435983,0.00036710847881087907,0.002438101152687893
164,0.002282777941766437,0.0003398271241199253,0.00030294050545672007,0.00042605166919475293,0.00037071264692441024,0.00239218370981815
169,0.0023334513396743774,0.0003426822380983841,0.0003008265364906471,0.000425373148299894,0.00037310534170055044,0.0025054667651122657
174,0.0023600981817473807,0.00034175152173563744,0.00030090481329709244,0.00042426197130103553,0.00037158802106278623,0.002511733533601663
179,0.0024226131476815416,0.0003436700567834711,0.0003032233831329024,0.00042337132295476506,0.00037011601363631374,0.0026113228710944775
184,0.002475752604779539,0.000346766876167876,0.0003065832948442859,0.00042404262742771527,0.00037015826402142304,0.0025411796448146255
189,0.0024665430822764516,0.0003420551588661289,0.00030568334857175865,0.0004211688542105779,0.0003702352101725945,0.0025604253236821096
194,0.0024926588154145523,0.00033626579451479015,0.0003088516283802787,0.0004229893094894976,0.0003722529647335297,0.0026075050176689635
199,0.0026120369609690165,0.000330865215717382,0.00030833718577376096,0.00042462782782962837,0.0003718323740726481,0.0025825306852457672
