2.500000000000000139e-02 8.000000000000000167e-02
7.500000000000001110e-02 1.150000000000000050e-01
1.250000000000000000e-01 1.100000000000000006e-01
1.750000000000000167e-01 1.350000000000000089e-01
2.250000000000000056e-01 1.350000000000000089e-01
2.750000000000000222e-01 1.549999999999999989e-01
3.250000000000000111e-01 2.000000000000000111e-01
3.750000000000000000e-01 1.499999999999999944e-01
4.250000000000000444e-01 2.700000000000000178e-01
4.750000000000000333e-01 5.749999999999999556e-01
5.250000000000000222e-01 5.150000000000000133e-01
5.750000000000000666e-01 3.150000000000000022e-01
6.250000000000000000e-01 1.799999999999999933e-01
6.750000000000000444e-01 1.950000000000000067e-01
7.250000000000000888e-01 2.049999999999999878e-01
7.750000000000000222e-01 1.350000000000000089e-01
8.250000000000000666e-01 1.199999999999999956e-01
8.750000000000000000e-01 1.100000000000000006e-01
9.250000000000000444e-01 1.650000000000000078e-01
9.750000000000000888e-01 1.350000000000000089e-01
