2.500000000000000139e-02 4.199999999999999845e-01
7.500000000000001110e-02 4.299999999999999933e-01
1.250000000000000000e-01 5.050000000000000044e-01
1.750000000000000167e-01 4.949999999999999956e-01
2.250000000000000056e-01 4.749999999999999778e-01
2.750000000000000222e-01 4.500000000000000111e-01
3.250000000000000111e-01 4.849999999999999867e-01
3.750000000000000000e-01 4.450000000000000067e-01
4.250000000000000444e-01 5.200000000000000178e-01
4.750000000000000333e-01 7.149999999999999689e-01
5.250000000000000222e-01 6.949999999999999512e-01
5.750000000000000666e-01 5.799999999999999600e-01
6.250000000000000000e-01 4.650000000000000244e-01
6.750000000000000444e-01 4.699999999999999734e-01
7.250000000000000888e-01 5.150000000000000133e-01
7.750000000000000222e-01 4.650000000000000244e-01
8.250000000000000666e-01 4.500000000000000111e-01
8.750000000000000000e-01 4.400000000000000022e-01
9.250000000000000444e-01 4.949999999999999956e-01
9.750000000000000888e-01 4.849999999999999867e-01
