2.500000000000000139e-02 8.499999999999999778e-01
7.500000000000001110e-02 8.800000000000000044e-01
1.250000000000000000e-01 9.300000000000000488e-01
1.750000000000000167e-01 9.150000000000000355e-01
2.250000000000000056e-01 9.000000000000000222e-01
2.750000000000000222e-01 9.000000000000000222e-01
3.250000000000000111e-01 9.050000000000000266e-01
3.750000000000000000e-01 9.150000000000000355e-01
4.250000000000000444e-01 9.000000000000000222e-01
4.750000000000000333e-01 9.300000000000000488e-01
5.250000000000000222e-01 9.350000000000000533e-01
5.750000000000000666e-01 8.850000000000000089e-01
6.250000000000000000e-01 8.900000000000000133e-01
6.750000000000000444e-01 9.100000000000000311e-01
7.250000000000000888e-01 8.850000000000000089e-01
7.750000000000000222e-01 8.699999999999999956e-01
8.250000000000000666e-01 8.800000000000000044e-01
8.750000000000000000e-01 8.950000000000000178e-01
9.250000000000000444e-01 9.250000000000000444e-01
9.750000000000000888e-01 9.000000000000000222e-01
