2.500000000000000139e-02 3.250000000000000111e-01
7.500000000000001110e-02 2.999999999999999889e-01
1.250000000000000000e-01 2.800000000000000266e-01
1.750000000000000167e-01 3.150000000000000022e-01
2.250000000000000056e-01 3.350000000000000200e-01
2.750000000000000222e-01 3.150000000000000022e-01
3.250000000000000111e-01 3.049999999999999933e-01
3.750000000000000000e-01 3.649999999999999911e-01
4.250000000000000444e-01 2.800000000000000266e-01
4.750000000000000333e-01 1.900000000000000022e-01
5.250000000000000222e-01 2.300000000000000100e-01
5.750000000000000666e-01 3.200000000000000067e-01
6.250000000000000000e-01 2.449999999999999956e-01
6.750000000000000444e-01 2.750000000000000222e-01
7.250000000000000888e-01 3.049999999999999933e-01
7.750000000000000222e-01 3.400000000000000244e-01
8.250000000000000666e-01 3.200000000000000067e-01
8.750000000000000000e-01 2.700000000000000178e-01
9.250000000000000444e-01 3.200000000000000067e-01
9.750000000000000888e-01 3.649999999999999911e-01
