2.500000000000000139e-02 9.699999999999999734e-01
7.500000000000001110e-02 9.649999999999999689e-01
1.250000000000000000e-01 9.749999999999999778e-01
1.750000000000000167e-01 9.549999999999999600e-01
2.250000000000000056e-01 9.649999999999999689e-01
2.750000000000000222e-01 9.549999999999999600e-01
3.250000000000000111e-01 9.549999999999999600e-01
3.750000000000000000e-01 9.200000000000000400e-01
4.250000000000000444e-01 8.249999999999999556e-01
4.750000000000000333e-01 5.649999999999999467e-01
5.250000000000000222e-01 6.149999999999999911e-01
5.750000000000000666e-01 8.399999999999999689e-01
6.250000000000000000e-01 8.499999999999999778e-01
6.750000000000000444e-01 9.000000000000000222e-01
7.250000000000000888e-01 9.499999999999999556e-01
7.750000000000000222e-01 9.549999999999999600e-01
8.250000000000000666e-01 9.350000000000000533e-01
8.750000000000000000e-01 9.549999999999999600e-01
9.250000000000000444e-01 9.799999999999999822e-01
9.750000000000000888e-01 9.699999999999999734e-01
