2.500000000000000139e-02 4.699999999999999734e-01
7.500000000000001110e-02 4.400000000000000022e-01
1.250000000000000000e-01 5.000000000000000000e-01
1.750000000000000167e-01 4.500000000000000111e-01
2.250000000000000056e-01 4.500000000000000111e-01
2.750000000000000222e-01 4.650000000000000244e-01
3.250000000000000111e-01 4.550000000000000155e-01
3.750000000000000000e-01 3.549999999999999822e-01
4.250000000000000444e-01 2.849999999999999756e-01
4.750000000000000333e-01 1.700000000000000122e-01
5.250000000000000222e-01 1.749999999999999889e-01
5.750000000000000666e-01 3.750000000000000000e-01
6.250000000000000000e-01 2.949999999999999845e-01
6.750000000000000444e-01 4.199999999999999845e-01
7.250000000000000888e-01 4.099999999999999756e-01
7.750000000000000222e-01 3.950000000000000178e-01
8.250000000000000666e-01 4.799999999999999822e-01
8.750000000000000000e-01 5.000000000000000000e-01
9.250000000000000444e-01 4.249999999999999889e-01
9.750000000000000888e-01 4.849999999999999867e-01
