2.500000000000000139e-02 5.450000000000000400e-01
7.500000000000001110e-02 5.550000000000000488e-01
1.250000000000000000e-01 5.749999999999999556e-01
1.750000000000000167e-01 5.450000000000000400e-01
2.250000000000000056e-01 5.699999999999999512e-01
2.750000000000000222e-01 5.749999999999999556e-01
3.250000000000000111e-01 5.350000000000000311e-01
3.750000000000000000e-01 4.650000000000000244e-01
4.250000000000000444e-01 3.549999999999999822e-01
4.750000000000000333e-01 2.300000000000000100e-01
5.250000000000000222e-01 2.349999999999999867e-01
5.750000000000000666e-01 4.650000000000000244e-01
6.250000000000000000e-01 4.550000000000000155e-01
6.750000000000000444e-01 5.200000000000000178e-01
7.250000000000000888e-01 5.000000000000000000e-01
7.750000000000000222e-01 5.400000000000000355e-01
8.250000000000000666e-01 5.749999999999999556e-01
8.750000000000000000e-01 6.049999999999999822e-01
9.250000000000000444e-01 5.350000000000000311e-01
9.750000000000000888e-01 6.199999999999999956e-01
