2.500000000000000139e-02 1.000000000000000000e+00
7.500000000000001110e-02 1.000000000000000000e+00
1.250000000000000000e-01 1.000000000000000000e+00
1.750000000000000167e-01 9.899999999999999911e-01
2.250000000000000056e-01 9.799999999999999822e-01
2.750000000000000222e-01 9.699999999999999734e-01
3.250000000000000111e-01 9.599999999999999645e-01
3.750000000000000000e-01 9.200000000000000400e-01
4.250000000000000444e-01 6.999999999999999556e-01
4.750000000000000333e-01 4.149999999999999800e-01
5.250000000000000222e-01 4.450000000000000067e-01
5.750000000000000666e-01 8.199999999999999512e-01
6.250000000000000000e-01 9.100000000000000311e-01
6.750000000000000444e-01 9.549999999999999600e-01
7.250000000000000888e-01 9.749999999999999778e-01
7.750000000000000222e-01 9.799999999999999822e-01
8.250000000000000666e-01 1.000000000000000000e+00
8.750000000000000000e-01 9.949999999999999956e-01
9.250000000000000444e-01 1.000000000000000000e+00
9.750000000000000888e-01 9.849999999999999867e-01
