1.000000000000000056e-01 9.236140736887556990e-01
1.230769230769230838e-01 9.236627207813932205e-01
1.461538461538461620e-01 1.016783705863048670e+00
1.692307692307692402e-01 1.051033462472930946e+00
1.923076923076923184e-01 1.042909920426126957e+00
2.153846153846153966e-01 1.036065647606079443e+00
2.384615384615384748e-01 1.131282326602265575e+00
2.615384615384615530e-01 1.126273151089272506e+00
2.846153846153846034e-01 1.141777570207667125e+00
3.076923076923077094e-01 1.212111762894388711e+00
3.307692307692308153e-01 1.176184544951093480e+00
3.538461538461538103e-01 1.131421624726025144e+00
3.769230769230769162e-01 1.139584116625006471e+00
4.000000000000000222e-01 1.112525018906371344e+00
4.230769230769231282e-01 1.261240261124202400e+00
4.461538461538461231e-01 1.277920364267924880e+00
4.692307692307692291e-01 1.295382940642788139e+00
4.923076923076923350e-01 1.312366030301617581e+00
5.153846153846154410e-01 1.285677670649980842e+00
5.384615384615384359e-01 1.335039163886052371e+00
5.615384615384615419e-01 1.364013600908426938e+00
5.846153846153846478e-01 1.309314295799762107e+00
6.076923076923076428e-01 1.290756395252172339e+00
6.307692307692307487e-01 1.344474541760832587e+00
6.538461538461538547e-01 1.390912513456894040e+00
6.769230769230769607e-01 1.347190826955914744e+00
7.000000000000000666e-01 1.354629087485887950e+00
7.230769230769230616e-01 1.336679622863146344e+00
7.461538461538461675e-01 1.398719673251191509e+00
7.692307692307692735e-01 1.367799512546106655e+00
7.923076923076922684e-01 1.392257005630445299e+00
8.153846153846153744e-01 1.522905783534836965e+00
8.384615384615384803e-01 1.469287716754599682e+00
8.615384615384615863e-01 1.452672482764703288e+00
8.846153846153846922e-01 1.413217887683467788e+00
9.076923076923076872e-01 1.480643100383570721e+00
9.307692307692307931e-01 1.512359516558257067e+00
9.538461538461538991e-01 1.471578998872703492e+00
9.769230769230768940e-01 1.475589421338295848e+00
1.000000000000000000e+00 1.537530353441639352e+00
