1.000000000000000056e-01 9.382788758969542453e-01
1.230769230769230838e-01 9.393190012179626347e-01
1.461538461538461620e-01 9.483569178556460200e-01
1.692307692307692402e-01 9.994014460276799960e-01
1.923076923076923184e-01 1.045533441108060346e+00
2.153846153846153966e-01 1.069591254080537901e+00
2.384615384615384748e-01 1.154444413044907858e+00
2.615384615384615530e-01 1.128970931689347035e+00
2.846153846153846034e-01 1.111512867026749563e+00
3.076923076923077094e-01 1.090140075858481383e+00
3.307692307692308153e-01 1.155676691080262053e+00
3.538461538461538103e-01 1.229816415147297226e+00
3.769230769230769162e-01 1.204308174497261241e+00
4.000000000000000222e-01 1.190418362873577829e+00
4.230769230769231282e-01 1.120446552549875241e+00
4.461538461538461231e-01 1.211848134901204022e+00
4.692307692307692291e-01 1.303880148995560928e+00
4.923076923076923350e-01 1.202030169060366305e+00
5.153846153846154410e-01 1.292620398077809707e+00
5.384615384615384359e-01 1.314334604898041992e+00
5.615384615384615419e-01 1.369947572372248734e+00
5.846153846153846478e-01 1.314961574691012380e+00
6.076923076923076428e-01 1.431107351218176671e+00
6.307692307692307487e-01 1.275426987947706259e+00
6.538461538461538547e-01 1.342380595558064105e+00
6.769230769230769607e-01 1.334569181622209610e+00
7.000000000000000666e-01 1.346548975094781664e+00
7.230769230769230616e-01 1.384744564441624748e+00
7.461538461538461675e-01 1.452094708636151088e+00
7.692307692307692735e-01 1.387430792482449604e+00
7.923076923076922684e-01 1.411814093473731324e+00
8.153846153846153744e-01 1.423685709914378483e+00
8.384615384615384803e-01 1.513882170402903071e+00
8.615384615384615863e-01 1.457458653972715235e+00
8.846153846153846922e-01 1.482547070851114368e+00
9.076923076923076872e-01 1.553884492442075826e+00
9.307692307692307931e-01 1.375557251737132614e+00
9.538461538461538991e-01 1.476091521098753523e+00
9.769230769230768940e-01 1.460558221962362957e+00
1.000000000000000000e+00 1.462027145002513739e+00
