1.000000000000000056e-01 6.101588307891008672e-02
1.230769230769230838e-01 7.213217207903224737e-02
1.461538461538461620e-01 8.054472892281193397e-02
1.692307692307692402e-01 9.791900975310524613e-02
1.923076923076923184e-01 9.495329430148075067e-02
2.153846153846153966e-01 9.584503241368434734e-02
2.384615384615384748e-01 1.135966143586679689e-01
2.615384615384615530e-01 1.146989134229077500e-01
2.846153846153846034e-01 1.245664423329553017e-01
3.076923076923077094e-01 1.318151995119223319e-01
3.307692307692308153e-01 1.303179618527737227e-01
3.538461538461538103e-01 1.287263872717260282e-01
3.769230769230769162e-01 1.298039981013312250e-01
4.000000000000000222e-01 1.191272824625127652e-01
4.230769230769231282e-01 1.552407417465601069e-01
4.461538461538461231e-01 1.589147672512249698e-01
4.692307692307692291e-01 1.576649370469206390e-01
4.923076923076923350e-01 1.714185831590732678e-01
5.153846153846154410e-01 1.691549375785783571e-01
5.384615384615384359e-01 1.745788526350835201e-01
5.615384615384615419e-01 1.803700624081176207e-01
5.846153846153846478e-01 1.815261225062259620e-01
6.076923076923076428e-01 1.711852388579640782e-01
6.307692307692307487e-01 1.768632618803772927e-01
6.538461538461538547e-01 1.846196772980979728e-01
6.769230769230769607e-01 1.882520755937794610e-01
7.000000000000000666e-01 1.805584643887455376e-01
7.230769230769230616e-01 1.853604244713498161e-01
7.461538461538461675e-01 1.864122027912896717e-01
7.692307692307692735e-01 1.877363988472099399e-01
7.923076923076922684e-01 1.946058697067964971e-01
8.153846153846153744e-01 2.158338753626362072e-01
8.384615384615384803e-01 2.056976232611490707e-01
8.615384615384615863e-01 2.054728225086034088e-01
8.846153846153846922e-01 1.908073480475434014e-01
9.076923076923076872e-01 2.144453178962654749e-01
9.307692307692307931e-01 2.215594691239317071e-01
9.538461538461538991e-01 2.062730454704188310e-01
9.769230769230768940e-01 2.050882905293265335e-01
1.000000000000000000e+00 2.345190948502343387e-01
