1.000000000000000056e-01 4.027797517343748024e-02
1.230769230769230838e-01 4.148009492340754001e-02
1.461538461538461620e-01 4.513708732031929127e-02
1.692307692307692402e-01 4.442375436864101634e-02
1.923076923076923184e-01 4.816341304350998942e-02
2.153846153846153966e-01 5.209910909928358591e-02
2.384615384615384748e-01 5.238928627100429558e-02
2.615384615384615530e-01 5.403802629117342160e-02
2.846153846153846034e-01 5.369737943606506247e-02
3.076923076923077094e-01 4.892725789169161121e-02
3.307692307692308153e-01 5.589768646792538098e-02
3.538461538461538103e-01 5.803693447123987187e-02
3.769230769230769162e-01 5.836731852351909056e-02
4.000000000000000222e-01 5.791350216148113267e-02
4.230769230769231282e-01 4.948804176107055031e-02
4.461538461538461231e-01 6.113691031692420480e-02
4.692307692307692291e-01 6.033549413547921458e-02
4.923076923076923350e-01 5.464640973399366441e-02
5.153846153846154410e-01 5.954335764507490136e-02
5.384615384615384359e-01 6.584023498046968903e-02
5.615384615384615419e-01 6.587029131559675454e-02
5.846153846153846478e-01 6.168618628971673373e-02
6.076923076923076428e-01 7.114853693470871154e-02
6.307692307692307487e-01 5.762972049305001288e-02
6.538461538461538547e-01 6.263528358875086743e-02
6.769230769230769607e-01 6.000535830092666723e-02
7.000000000000000666e-01 6.441394055281754460e-02
7.230769230769230616e-01 7.301714190001966365e-02
7.461538461538461675e-01 7.258811273030767175e-02
7.692307692307692735e-01 6.868461646511120344e-02
7.923076923076922684e-01 6.463703326829484119e-02
8.153846153846153744e-01 6.654133932513113525e-02
8.384615384615384803e-01 7.996608827901198480e-02
8.615384615384615863e-01 7.137210586268322166e-02
8.846153846153846922e-01 7.783316029885363474e-02
9.076923076923076872e-01 8.274053585143248402e-02
9.307692307692307931e-01 6.278858777427055726e-02
9.538461538461538991e-01 7.418396429473900211e-02
9.769230769230768940e-01 7.429594135394508581e-02
1.000000000000000000e+00 7.117507343930813690e-02
