2.500000000000000139e-02 3.599999999999999867e-01
7.500000000000001110e-02 3.300000000000000155e-01
1.250000000000000000e-01 3.900000000000000133e-01
1.750000000000000167e-01 3.549999999999999822e-01
2.250000000000000056e-01 4.149999999999999800e-01
2.750000000000000222e-01 4.199999999999999845e-01
3.250000000000000111e-01 3.850000000000000089e-01
3.750000000000000000e-01 3.850000000000000089e-01
4.250000000000000444e-01 4.000000000000000222e-01
4.750000000000000333e-01 6.049999999999999822e-01
5.250000000000000222e-01 5.799999999999999600e-01
5.750000000000000666e-01 4.000000000000000222e-01
6.250000000000000000e-01 4.349999999999999978e-01
6.750000000000000444e-01 3.750000000000000000e-01
7.250000000000000888e-01 3.549999999999999822e-01
7.750000000000000222e-01 3.649999999999999911e-01
8.250000000000000666e-01 3.599999999999999867e-01
8.750000000000000000e-01 3.499999999999999778e-01
9.250000000000000444e-01 3.549999999999999822e-01
9.750000000000000888e-01 3.800000000000000044e-01
