2.500000000000000139e-02 2.349999999999999867e-01
7.500000000000001110e-02 2.300000000000000100e-01
1.250000000000000000e-01 2.300000000000000100e-01
1.750000000000000167e-01 1.849999999999999978e-01
2.250000000000000056e-01 2.200000000000000011e-01
2.750000000000000222e-01 2.500000000000000000e-01
3.250000000000000111e-01 1.849999999999999978e-01
3.750000000000000000e-01 1.799999999999999933e-01
4.250000000000000444e-01 1.849999999999999978e-01
4.750000000000000333e-01 1.250000000000000000e-01
5.250000000000000222e-01 1.049999999999999961e-01
5.750000000000000666e-01 1.400000000000000133e-01
6.250000000000000000e-01 2.000000000000000111e-01
6.750000000000000444e-01 2.099999999999999922e-01
7.250000000000000888e-01 1.799999999999999933e-01
7.750000000000000222e-01 1.549999999999999989e-01
8.250000000000000666e-01 2.650000000000000133e-01
8.750000000000000000e-01 2.500000000000000000e-01
9.250000000000000444e-01 2.049999999999999878e-01
9.750000000000000888e-01 2.650000000000000133e-01
