2.500000000000000139e-02 0.000000000000000000e+00
7.500000000000001110e-02 0.000000000000000000e+00
1.250000000000000000e-01 1.499999999999999944e-02
1.750000000000000167e-01 1.000000000000000021e-02
2.250000000000000056e-01 1.499999999999999944e-02
2.750000000000000222e-01 2.999999999999999889e-02
3.250000000000000111e-01 5.999999999999999778e-02
3.750000000000000000e-01 1.049999999999999961e-01
4.250000000000000444e-01 1.749999999999999889e-01
4.750000000000000333e-01 5.400000000000000355e-01
5.250000000000000222e-01 6.149999999999999911e-01
5.750000000000000666e-01 2.349999999999999867e-01
6.250000000000000000e-01 8.999999999999999667e-02
6.750000000000000444e-01 5.500000000000000028e-02
7.250000000000000888e-01 2.500000000000000139e-02
7.750000000000000222e-01 5.000000000000000104e-03
8.250000000000000666e-01 1.000000000000000021e-02
8.750000000000000000e-01 5.000000000000000104e-03
9.250000000000000444e-01 0.000000000000000000e+00
9.750000000000000888e-01 1.000000000000000021e-02
