2.500000000000000139e-02 8.000000000000000167e-02
7.500000000000001110e-02 1.300000000000000044e-01
1.250000000000000000e-01 1.300000000000000044e-01
1.750000000000000167e-01 8.500000000000000611e-02
2.250000000000000056e-01 1.100000000000000006e-01
2.750000000000000222e-01 1.250000000000000000e-01
3.250000000000000111e-01 1.700000000000000122e-01
3.750000000000000000e-01 2.399999999999999911e-01
4.250000000000000444e-01 2.899999999999999800e-01
4.750000000000000333e-01 5.999999999999999778e-01
5.250000000000000222e-01 6.949999999999999512e-01
5.750000000000000666e-01 3.250000000000000111e-01
6.250000000000000000e-01 2.600000000000000089e-01
6.750000000000000444e-01 1.449999999999999900e-01
7.250000000000000888e-01 1.350000000000000089e-01
7.750000000000000222e-01 1.250000000000000000e-01
8.250000000000000666e-01 1.100000000000000006e-01
8.750000000000000000e-01 7.000000000000000666e-02
9.250000000000000444e-01 7.000000000000000666e-02
9.750000000000000888e-01 1.049999999999999961e-01
