2.500000000000000139e-02 4.699999999999999734e-01
7.500000000000001110e-02 5.200000000000000178e-01
1.250000000000000000e-01 6.099999999999999867e-01
1.750000000000000167e-01 5.150000000000000133e-01
2.250000000000000056e-01 5.250000000000000222e-01
2.750000000000000222e-01 5.749999999999999556e-01
3.250000000000000111e-01 5.300000000000000266e-01
3.750000000000000000e-01 6.550000000000000266e-01
4.250000000000000444e-01 6.350000000000000089e-01
4.750000000000000333e-01 8.249999999999999556e-01
5.250000000000000222e-01 8.499999999999999778e-01
5.750000000000000666e-01 6.850000000000000533e-01
6.250000000000000000e-01 5.899999999999999689e-01
6.750000000000000444e-01 5.450000000000000400e-01
7.250000000000000888e-01 6.099999999999999867e-01
7.750000000000000222e-01 5.899999999999999689e-01
8.250000000000000666e-01 5.999999999999999778e-01
8.750000000000000000e-01 5.649999999999999467e-01
9.250000000000000444e-01 5.500000000000000444e-01
9.750000000000000888e-01 5.550000000000000488e-01
