2.500000000000000139e-02 2.049999999999999878e-01
7.500000000000001110e-02 2.650000000000000133e-01
1.250000000000000000e-01 2.099999999999999922e-01
1.750000000000000167e-01 2.399999999999999911e-01
2.250000000000000056e-01 2.149999999999999967e-01
2.750000000000000222e-01 2.600000000000000089e-01
3.250000000000000111e-01 2.349999999999999867e-01
3.750000000000000000e-01 1.799999999999999933e-01
4.250000000000000444e-01 1.600000000000000033e-01
4.750000000000000333e-01 8.999999999999999667e-02
5.250000000000000222e-01 6.500000000000000222e-02
5.750000000000000666e-01 1.250000000000000000e-01
6.250000000000000000e-01 1.799999999999999933e-01
6.750000000000000444e-01 2.099999999999999922e-01
7.250000000000000888e-01 2.300000000000000100e-01
7.750000000000000222e-01 1.799999999999999933e-01
8.250000000000000666e-01 1.950000000000000067e-01
8.750000000000000000e-01 2.600000000000000089e-01
9.250000000000000444e-01 2.800000000000000266e-01
9.750000000000000888e-01 2.149999999999999967e-01
