2.500000000000000139e-02 3.350000000000000200e-01
7.500000000000001110e-02 3.750000000000000000e-01
1.250000000000000000e-01 3.099999999999999978e-01
1.750000000000000167e-01 3.200000000000000067e-01
2.250000000000000056e-01 3.400000000000000244e-01
2.750000000000000222e-01 3.850000000000000089e-01
3.250000000000000111e-01 3.599999999999999867e-01
3.750000000000000000e-01 2.849999999999999756e-01
4.250000000000000444e-01 2.899999999999999800e-01
4.750000000000000333e-01 1.350000000000000089e-01
5.250000000000000222e-01 8.999999999999999667e-02
5.750000000000000666e-01 2.250000000000000056e-01
6.250000000000000000e-01 2.500000000000000000e-01
6.750000000000000444e-01 3.049999999999999933e-01
7.250000000000000888e-01 3.350000000000000200e-01
7.750000000000000222e-01 2.650000000000000133e-01
8.250000000000000666e-01 2.800000000000000266e-01
8.750000000000000000e-01 3.750000000000000000e-01
9.250000000000000444e-01 3.800000000000000044e-01
9.750000000000000888e-01 3.599999999999999867e-01
