2.500000000000000139e-02 9.350000000000000533e-01
7.500000000000001110e-02 9.250000000000000444e-01
1.250000000000000000e-01 9.250000000000000444e-01
1.750000000000000167e-01 9.150000000000000355e-01
2.250000000000000056e-01 9.000000000000000222e-01
2.750000000000000222e-01 8.900000000000000133e-01
3.250000000000000111e-01 8.149999999999999467e-01
3.750000000000000000e-01 7.449999999999999956e-01
4.250000000000000444e-01 7.099999999999999645e-01
4.750000000000000333e-01 3.649999999999999911e-01
5.250000000000000222e-01 3.449999999999999734e-01
5.750000000000000666e-01 6.500000000000000222e-01
6.250000000000000000e-01 7.349999999999999867e-01
6.750000000000000444e-01 7.850000000000000311e-01
7.250000000000000888e-01 8.800000000000000044e-01
7.750000000000000222e-01 8.399999999999999689e-01
8.250000000000000666e-01 8.649999999999999911e-01
8.750000000000000000e-01 9.000000000000000222e-01
9.250000000000000444e-01 9.499999999999999556e-01
9.750000000000000888e-01 9.250000000000000444e-01
