2.500000000000000139e-02 1.000000000000000000e+00
7.500000000000001110e-02 1.000000000000000000e+00
1.250000000000000000e-01 1.000000000000000000e+00
1.750000000000000167e-01 9.899999999999999911e-01
2.250000000000000056e-01 9.799999999999999822e-01
2.750000000000000222e-01 9.649999999999999689e-01
3.250000000000000111e-01 9.499999999999999556e-01
3.750000000000000000e-01 8.950000000000000178e-01
4.250000000000000444e-01 8.349999999999999645e-01
4.750000000000000333e-01 4.249999999999999889e-01
5.250000000000000222e-01 4.149999999999999800e-01
5.750000000000000666e-01 7.900000000000000355e-01
6.250000000000000000e-01 8.900000000000000133e-01
6.750000000000000444e-01 9.300000000000000488e-01
7.250000000000000888e-01 9.599999999999999645e-01
7.750000000000000222e-01 9.899999999999999911e-01
8.250000000000000666e-01 9.899999999999999911e-01
8.750000000000000000e-01 9.949999999999999956e-01
9.250000000000000444e-01 1.000000000000000000e+00
9.750000000000000888e-01 1.000000000000000000e+00
